,Target
0,0
1,0
2,1
3,1
4,0
5,0
6,1
7,1
8,1
9,0
10,0
11,1
12,0
13,0
14,1
15,1
16,1
17,0
18,1
19,0
20,1
21,0
22,0
23,0
24,1
25,1
26,0
27,0
28,1
29,0
30,1
31,1
32,1
33,1
34,1
35,1
36,1
37,0
38,1
39,1
40,1
41,0
42,1
43,1
44,1
45,0
46,1
47,0
48,1
49,0
50,1
51,0
52,1
53,1
54,1
55,1
56,1
57,1
58,1
59,1
60,1
61,1
62,1
63,1
64,1
65,1
66,1
67,1
68,0
69,1
70,1
71,1
72,1
73,1
74,0
75,1
76,1
77,1
78,1
79,1
80,1
81,1
82,1
83,1
84,1
85,0
86,0
87,1
88,1
89,1
90,0
91,0
92,1
93,0
94,0
95,1
96,1
97,1
98,0
99,1
100,0
101,1
102,0
103,0
104,0
105,1
106,1
107,0
108,0
109,1
110,0
111,0
112,1
113,0
114,1
115,0
116,0
117,0
118,0
119,0
120,1
121,0
122,1
123,0
124,0
125,0
126,1
127,0
128,0
129,0
130,0
131,1
132,0
133,0
134,0
135,1
136,1
137,1
138,1
139,0
140,1
141,1
142,1
143,0
144,1
145,1
146,1
147,0
148,1
149,0
150,1
151,0
152,1
153,0
154,1
155,1
156,1
157,0
158,1
159,1
160,1
161,1
162,0
163,0
164,1
165,0
166,0
167,1
168,1
169,1
170,0
171,1
172,0
173,1
174,0
175,0
176,0
177,1
178,1
179,0
180,0
181,1
182,0
183,1
184,0
185,0
186,0
187,0
188,0
189,0
190,0
191,0
192,0
193,0
194,0
195,0
196,0
197,0
198,0
199,0
200,0
201,0
202,0
203,0
204,1
205,0
206,0
207,1
208,0
209,0
210,1
211,1
212,1
213,0
214,0
215,0
216,1
217,0
218,0
219,0
220,0
221,1
222,0
223,0
224,1
225,0
226,0
227,0
228,0
229,0
230,0
231,0
232,0
233,0
234,0
235,0
236,0
237,0
238,0
239,0
240,0
241,0
242,0
243,0
244,0
245,1
246,1
247,1
248,0
249,1
250,1
251,1
252,0
253,1
254,0
255,1
256,1
257,1
258,0
259,1
260,1
261,1
262,1
263,1
264,1
265,1
266,0
267,1
268,1
269,1
270,0
271,1
272,0
273,1
274,0
275,1
276,0
277,1
278,1
279,1
280,0
281,1
282,0
283,0
284,1
285,0
286,1
287,0
288,0
289,0
290,1
291,0
292,0
293,0
294,0
295,1
296,0
297,0
298,1
299,0
300,1
301,1
302,1
303,0
304,1
305,0
306,1
307,0
308,0
309,0
310,1
311,1
312,0
313,0
314,1
315,1
316,1
317,1
318,1
319,1
320,0
321,1
322,1
323,1
324,1
325,1
326,1
327,1
328,1
329,1
330,0
331,1
332,0
333,0
334,0
335,0
336,0
337,0
338,0
339,0
340,0
341,0
342,0
343,0
344,1
345,0
346,0
347,0
348,1
349,0
350,0
351,0
352,0
353,1
354,0
355,0
356,1
357,0
358,0
359,0
360,0
361,0
362,0
363,0
364,0
365,0
366,0
367,0
368,0
369,1
370,0
371,1
372,1
373,1
374,1
375,1
376,1
377,1
378,1
379,1
380,0
381,1
382,0
383,0
384,0
385,0
386,1
387,0
388,0
389,1
390,1
391,1
392,1
393,1
394,1
395,1
396,1
397,1
398,1
399,0
400,0
401,0
402,0
403,1
404,0
405,0
406,0
407,1
408,0
409,1
410,1
411,1
412,1
413,1
414,0
415,1
416,1
417,1
418,0
419,1
420,1
421,1
422,1
423,1
424,1
425,1
426,0
427,0
428,1
429,0
430,0
431,0
432,0
433,1
434,1
