,Target
42,1
202,0
345,0
69,1
92,1
417,1
135,1
48,1
190,0
415,1
408,0
122,1
244,0
434,1
337,0
71,1
262,1
265,1
144,1
349,0
43,1
385,0
193,0
90,0
293,0
205,0
64,1
229,0
305,0
400,0
413,1
327,1
354,0
275,1
381,1
188,0
346,0
314,1
195,0
430,0
330,0
41,0
111,0
368,0
339,0
120,1
338,0
328,1
319,1
131,1
412,1
176,0
416,1
75,1
7,1
106,1
26,0
125,0
167,1
297,0
5,0
139,0
180,0
258,0
126,1
231,0
3,1
425,1
321,1
142,1
308,0
8,1
405,0
290,1
200,0
222,0
257,1
51,0
80,1
99,1
226,0
407,1
18,1
423,1
361,0
303,0
419,1
348,1
83,1
34,1
31,1
323,1
61,1
23,0
366,0
47,0
77,1
227,0
402,0
357,0
201,0
220,0
317,1
369,1
88,1
311,1
365,0
277,1
68,0
53,1
38,1
24,1
292,0
56,1
286,1
350,0
263,1
103,0
401,0
409,1
320,0
360,0
161,1
117,0
364,0
288,0
157,0
22,0
191,0
298,1
283,0
363,0
329,1
32,1
382,0
268,1
151,0
30,1
4,0
316,1
63,1
428,1
133,0
359,0
304,1
224,1
249,1
94,0
62,1
143,0
294,0
250,1
10,0
164,1
209,0
254,0
232,0
301,1
174,0
287,0
13,0
189,0
36,1
55,1
129,0
185,0
296,0
322,1
169,1
136,1
238,0
378,1
98,0
19,0
221,1
217,0
145,1
272,0
414,0
243,0
388,0
261,1
171,1
310,1
233,0
147,0
318,1
281,1
264,1
72,1
276,0
45,0
172,0
33,1
15,1
351,0
273,1
410,1
295,1
17,0
406,0
178,1
162,0
113,0
95,1
96,1
218,0
194,0
347,0
343,0
223,0
383,0
391,1
192,0
93,0
108,0
356,1
216,1
219,0
424,1
235,0
282,0
342,0
284,1
394,1
132,0
79,1
432,0
426,0
154,1
211,1
76,1
138,1
46,1
54,1
115,0
163,0
196,0
333,0
248,0
2,1
28,1
433,1
395,1
9,0
325,1
387,0
153,0
97,1
239,0
102,0
184,0
57,1
215,0
336,0
148,1
165,0
112,1
256,1
370,0
380,0
411,1
91,0
114,1
70,1
116,0
392,1
121,0
274,0
358,0
399,0
299,0
179,0
197,0
105,1
20,1
237,0
212,1
183,1
182,0
355,0
84,1
59,1
58,1
156,1
429,0
403,1
326,1
198,0
170,0
60,1
175,0
107,0
309,0
386,1
181,1
324,1
371,1
245,1
203,0
300,1
65,1
260,1
312,0
225,0
246,1
25,1
335,0
396,1
187,0
27,0
110,0
160,1
240,0
173,1
73,1
109,1
123,0
134,0
208,0
146,1
352,0
119,0
158,1
100,0
291,0
89,1
82,1
269,1
204,1
104,0
373,1
384,0
74,0
118,0
418,0
141,1
389,1
49,0
278,1
332,0
259,1
130,0
241,0
253,1
390,1
155,1
331,1
